image: kmapping_maze_like_10.2.yaml.pgm
resolution: 0.050000
origin: [-0.831595, -8.836313, 0.000000]
negate: 0
occupied_thresh: 0.65
free_thresh: 0.196

